Time (s) Run #1	Voltage, Ch A (V) Run #1	Current, Ch B (A) Run #1	Time (s) Run #2	Voltage, Ch A (V) Run #2	Current, Ch B (A) Run #2
0.000	1.929E-4	1.047E-4	0.000	7.861E-4	1.030
0.025	9.338E-4	9.915E-5	0.025	7.629E-4	0.979
0.050	1.978E-4	1.089E-4	0.050	6.873E-4	1.023
0.075	9.644E-4	1.036E-4	0.075	9.375E-4	1.075
0.100	3.223E-4	1.023E-4	0.100	5.469E-4	0.999
0.125	8.240E-4	9.996E-5	0.125	6.775E-4	0.983
0.150	2.612E-4	1.047E-4	0.150	6.030E-4	1.046
0.175	0.001	1.017E-4	0.175	7.568E-4	1.020
0.200	2.356E-4	1.030E-4	0.200	5.811E-4	0.982
0.225	9.204E-4	1.045E-4	0.225	8.008E-4	1.029
0.250	2.075E-4	1.064E-4	0.250	5.786E-4	0.999
0.275	9.570E-4	1.039E-4	0.275	5.029E-4	1.004
0.300	2.161E-4	1.052E-4	0.300	5.359E-4	1.020
0.325	8.936E-4	1.007E-4	0.325	7.678E-4	1.032
0.350	1.660E-4	1.013E-4	0.350	6.470E-4	0.971
0.375	9.937E-4	9.816E-5	0.375	7.129E-4	0.969
0.400	2.563E-4	1.056E-4	0.400	4.431E-4	1.005
0.425	9.387E-4	1.006E-4	0.425	5.859E-4	1.072
0.450	1.709E-4	1.033E-4	0.450	6.152E-4	1.009
0.475	9.949E-4	1.030E-4	0.475	9.656E-4	0.946
0.500	1.001E-4	1.020E-4	0.500	6.213E-4	1.031
0.525	7.446E-4	9.873E-5	0.525	7.581E-4	1.024
0.550	-1.343E-4	1.027E-4	0.550	5.579E-4	1.037
0.575	4.651E-4	1.013E-4	0.575	7.007E-4	0.989
0.600	4.272E-5	1.023E-4	0.600	6.189E-4	1.029
0.625	7.898E-4	1.012E-4	0.625	6.274E-4	1.024
0.650	3.503E-4	1.083E-4	0.650	4.443E-4	1.031
0.675	8.423E-4	1.057E-4	0.675	5.994E-4	1.067
0.700	2.661E-4	1.050E-4	0.700	6.421E-4	0.993
0.725	7.227E-4	1.036E-4	0.725	6.702E-4	1.035
0.750	1.233E-4	1.083E-4	0.750	5.884E-4	1.043
0.775	8.850E-4	1.019E-4	0.775	7.239E-4	0.994
0.800	2.441E-4	1.063E-4	0.800	5.798E-4	1.039
0.825	8.423E-4	1.041E-4	0.825	6.262E-4	1.036
0.850	2.844E-4	1.074E-4	0.850	5.298E-4	1.012
0.875	8.179E-4	1.010E-4	0.875	7.178E-4	1.026
0.900	4.736E-4	1.037E-4	0.900	6.982E-4	1.026
0.925	8.826E-4	1.030E-4	0.925	8.069E-4	1.012
0.950	3.955E-4	1.053E-4	0.950	6.885E-4	1.018
0.975	9.937E-4	1.059E-4	0.975	8.105E-4	0.995
1.000	2.625E-4	1.027E-4	1.000	5.469E-4	1.019
1.025	8.716E-4	9.906E-5	1.025	5.518E-4	0.969
1.050	3.711E-4	1.069E-4	1.050	5.811E-4	1.001
1.075	0.001	1.033E-4	1.075	6.921E-4	1.002
1.100	5.701E-4	1.086E-4	1.100	5.554E-4	0.996
1.125	9.119E-4	9.991E-5	1.125	6.750E-4	1.010
1.150	3.650E-4	1.067E-4	1.150	5.664E-4	1.025
1.175	0.001	1.015E-4	1.175	7.678E-4	1.023
1.200	5.811E-4	1.072E-4	1.200	6.409E-4	1.014
1.225	7.959E-4	1.042E-4	1.225	9.399E-4	1.050
1.250	1.758E-4	1.069E-4	1.250	7.092E-4	1.031
1.275	7.971E-4	1.026E-4	1.275	6.604E-4	0.989
1.300	1.965E-4	1.020E-4	1.300	5.994E-4	1.044
1.325	7.971E-4	1.021E-4	1.325	7.446E-4	1.033
1.350	4.297E-4	1.043E-4	1.350	4.639E-4	1.006
1.375	8.276E-4	1.016E-4	1.375	4.858E-4	1.013
1.400	2.759E-4	1.062E-4	1.400	3.284E-4	0.999
1.425	8.606E-4	9.946E-5	1.425	5.725E-4	1.048
1.450	3.564E-4	1.059E-4	1.450	5.127E-4	1.027
1.475	7.581E-4	9.938E-5	1.475	5.994E-4	1.097
1.500	-1.990E-4	9.656E-5	1.500	5.688E-4	1.026
1.525	2.161E-4	1.013E-4	1.525	6.360E-4	1.012
1.550	-7.812E-5	1.018E-4	1.550	7.507E-4	1.053
1.575	5.652E-4	1.001E-4	1.575	7.556E-4	1.050
1.600	2.344E-4	1.000E-4	1.600	4.626E-4	1.029
1.625	6.287E-4	1.056E-4	1.625	5.396E-4	1.048
1.650	1.941E-4	1.029E-4	1.650	5.298E-4	1.037
1.675	8.081E-4	9.967E-5	1.675	6.592E-4	0.994
1.700	-6.836E-5	1.006E-4	1.700	4.919E-4	0.983
1.725	6.909E-4	9.762E-5	1.725	5.457E-4	1.055
1.750	-4.883E-6	1.041E-4	1.750	3.845E-4	1.031
1.775	5.859E-4	1.021E-4	1.775	7.080E-4	1.033
1.800	1.392E-4	1.084E-4	1.800	5.139E-4	1.011
1.825	6.982E-4	1.047E-4	1.825	6.030E-4	1.006
1.850	-4.150E-5	1.020E-4	1.850	2.405E-4	1.015
1.875	6.604E-4	1.003E-4	1.875	6.226E-4	1.063
1.900	1.807E-4	1.050E-4	1.900	6.653E-4	1.014
1.925	8.704E-4	9.781E-5	1.925	7.373E-4	1.010
1.950	2.075E-4	1.069E-4	1.950	5.115E-4	1.039
1.975	7.178E-4	1.022E-4	1.975	6.567E-4	0.964
2.000	2.173E-4	1.112E-4	2.000	5.420E-4	1.070
2.025	9.534E-4	1.012E-4	2.025	7.056E-4	0.996
2.050	2.856E-4	1.028E-4	2.050	4.993E-4	1.021
2.075	7.031E-4	1.076E-4	2.075	6.653E-4	1.057
2.100	4.370E-4	1.088E-4	2.100	5.127E-4	1.047
2.125	0.001	1.050E-4	2.125	7.715E-4	1.028
2.150	3.455E-4	1.037E-4	2.150	5.115E-4	1.062
2.175	8.093E-4	1.053E-4	2.175	5.750E-4	0.982
2.200	3.882E-4	1.037E-4	2.200	5.664E-4	1.043
2.225	8.862E-4	1.052E-4	2.225	6.433E-4	1.028
2.250	3.064E-4	1.066E-4	2.250	4.236E-4	1.047
2.275	9.192E-4	1.005E-4	2.275	5.994E-4	1.040
2.300	3.833E-4	1.056E-4	2.300	4.639E-4	1.003
2.325	9.082E-4	1.068E-4	2.325	6.653E-4	1.029
2.350	8.545E-5	1.055E-4	2.350	4.822E-4	1.013
2.375	8.313E-4	1.032E-4	2.375	5.176E-4	1.041
2.400	2.466E-4	1.016E-4	2.400	3.333E-4	1.003
2.425	8.252E-4	1.044E-4	2.425	4.797E-4	0.977
2.450	2.490E-4	1.075E-4	2.450	4.797E-4	0.990
2.475	9.058E-4	9.985E-5	2.475	5.847E-4	1.003
2.500	2.722E-4	1.064E-4	2.500	4.224E-4	1.006
2.525	8.313E-4	9.969E-5	2.525	4.749E-4	1.018
2.550	3.430E-4	1.055E-4	2.550	5.273E-4	0.972
2.575	8.630E-4	1.016E-4	2.575	4.028E-4	0.986
2.600	1.086E-4	1.013E-4	2.600	3.845E-4	0.982
2.625	8.142E-4	1.007E-4	2.625	6.494E-4	1.027
2.650	1.562E-4	1.003E-4	2.650	4.919E-4	0.981
2.675	9.521E-4	9.539E-5	2.675	5.579E-4	0.994
2.700	2.039E-4	1.028E-4	2.700	4.333E-4	1.034
2.725	7.605E-4	1.041E-4	2.725	5.481E-4	1.022
2.750	-2.686E-5	1.094E-4	2.750	-0.007	1.005
2.775	6.616E-4	1.023E-4	2.775	0.001	1.006
2.800	2.209E-4	9.951E-5	2.800	0.001	1.011
2.825	0.001	1.006E-4	2.825	0.001	0.999
2.850	5.225E-4	1.080E-4	2.850	9.387E-4	1.053
2.875	9.607E-4	1.005E-4	2.875	0.001	1.023
2.900	3.369E-4	1.059E-4	2.900	9.924E-4	1.027
2.925	9.399E-4	1.013E-4	2.925	0.001	1.029
2.950	3.137E-4	1.025E-4	2.950	9.778E-4	1.083
2.975	8.276E-4	1.029E-4	2.975	0.001	1.043
3.000	3.516E-4	1.001E-4	3.000	8.801E-4	1.051
3.025	7.690E-4	1.004E-4	3.025	0.001	0.968
3.050	3.442E-4	1.066E-4	3.050	9.619E-4	1.002
3.075	6.396E-4	9.993E-5	3.075	0.001	1.032
3.100	7.324E-6	1.076E-4	3.100	9.656E-4	1.054
3.125	6.384E-4	1.002E-4	3.125	0.001	1.003
3.150	9.155E-5	1.037E-4	3.150	8.777E-4	1.027
3.175	9.460E-4	1.023E-4	3.175	0.001	1.016
3.200	8.301E-5	1.020E-4	3.200	0.001	0.977
3.225	8.337E-4	1.011E-4	3.225	0.001	0.998
3.250	1.233E-4	1.016E-4	3.250	9.009E-4	1.015
3.275	7.715E-4	1.018E-4	3.275	0.001	0.991
3.300	1.770E-4	1.078E-4	3.300	9.399E-4	0.993
3.325	8.459E-4	9.678E-5	3.325	0.001	1.029
3.350	2.271E-4	1.042E-4	3.350	8.765E-4	0.988
3.375	7.776E-4	1.029E-4	3.375	0.001	1.041
3.400	1.758E-4	1.002E-4	3.400	9.607E-4	1.056
3.425	7.507E-4	9.727E-5	3.425	0.001	1.022
3.450	2.234E-4	1.051E-4	3.450	9.729E-4	1.028
3.475	8.667E-4	9.954E-5	3.475	0.001	0.992
3.500	4.114E-4	9.907E-5	3.500	0.001	1.041
3.525	8.179E-4	1.002E-4	3.525	0.001	1.021
3.550	4.663E-4	1.050E-4	3.550	0.004	0.984
3.575	9.070E-4	1.053E-4	3.575	0.071	0.984
3.600	3.638E-4	1.012E-4	3.600	0.163	1.031
3.625	0.001	9.860E-5	3.625	0.238	1.024
3.650	5.347E-4	1.016E-4	3.650	0.295	1.032
3.675	9.717E-4	1.019E-4	3.675	0.342	0.991
3.700	2.429E-4	1.029E-4	3.700	0.386	0.997
3.725	8.801E-4	1.019E-4	3.725	0.437	0.976
3.750	3.308E-4	1.053E-4	3.750	0.482	0.986
3.775	8.777E-4	1.012E-4	3.775	0.529	0.987
3.800	2.271E-4	1.012E-4	3.800	0.572	1.065
3.825	8.374E-4	9.795E-5	3.825	0.621	1.015
3.850	2.441E-4	1.031E-4	3.850	0.675	1.018
3.875	8.130E-4	9.818E-5	3.875	0.732	1.010
3.900	2.148E-4	1.033E-4	3.900	0.776	1.104
3.925	9.326E-4	1.024E-4	3.925	0.813	1.057
3.950	2.014E-4	1.002E-4	3.950	0.853	1.041
3.975	7.080E-4	9.668E-5	3.975	0.888	1.061
4.000	3.357E-4	1.015E-4	4.000	0.913	1.063
4.025	9.521E-4	1.021E-4	4.025	0.932	1.036
4.050	2.454E-4	1.077E-4	4.050	0.947	1.034
4.075	8.398E-4	1.003E-4	4.075	0.961	1.018
4.100	1.135E-4	1.061E-4	4.100	0.975	1.002
4.125	9.424E-4	1.019E-4	4.125	0.990	1.013
4.150	4.285E-4	1.063E-4	4.150	1.004	1.026
4.175	9.253E-4	1.016E-4	4.175	1.015	1.042
4.200	3.711E-4	1.039E-4	4.200	1.026	1.053
4.225	8.472E-4	1.039E-4	4.225	1.035	1.038
4.250	2.917E-4	1.036E-4	4.250	1.043	0.990
4.275	9.436E-4	1.021E-4	4.275	1.051	1.021
4.300	1.392E-4	1.009E-4	4.300	1.054	0.996
4.325	9.216E-4	1.002E-4	4.325	1.058	1.013
4.350	2.649E-4	1.062E-4	4.350	1.063	1.000
4.375	0.001	1.077E-4	4.375	1.068	1.054
4.400	2.844E-4	1.083E-4	4.400	1.073	1.004
4.425	8.545E-4	1.012E-4	4.425	1.078	1.031
4.450	2.966E-4	1.073E-4	4.450	1.083	0.982
4.475	0.001	1.019E-4	4.475	1.087	1.020
4.500	3.723E-4	1.055E-4	4.500	1.091	1.052
4.525	0.001	1.081E-4	4.525	1.096	1.047
			4.550	1.101	1.040
			4.575	1.107	1.050
			4.600	1.111	0.992
			4.625	1.116	1.030
			4.650	1.121	1.036
			4.675	1.126	1.008
			4.700	1.130	1.029
			4.725	1.136	1.070
			4.750	1.143	1.028
			4.775	1.146	1.000
			4.800	1.148	1.003
			4.825	1.150	1.008
			4.850	1.150	0.995
			4.875	1.150	1.010
			4.900	1.150	1.016
			4.925	1.150	1.013
			4.950	1.150	0.991
			4.975	1.151	1.032
			5.000	1.150	0.988
			5.025	1.151	1.044
			5.050	1.150	1.063
			5.075	1.152	1.031
			5.100	1.156	1.022
			5.125	1.163	0.996
			5.150	1.169	1.055
			5.175	1.176	1.042
			5.200	1.185	1.043
			5.225	1.192	1.015
			5.250	1.198	1.011
			5.275	1.206	1.007
			5.300	1.212	0.977
			5.325	1.218	1.005
			5.350	1.223	1.030
			5.375	1.227	1.011
			5.400	1.232	1.060
			5.425	1.237	1.019
			5.450	1.241	1.034
			5.475	1.246	1.014
			5.500	1.251	1.060
			5.525	1.256	0.990
			5.550	1.264	1.051
			5.575	1.273	0.973
			5.600	1.281	1.017
			5.625	1.290	1.056
			5.650	1.301	1.026
			5.675	1.310	1.003
			5.700	1.321	1.050
			5.725	1.332	1.028
			5.750	1.344	1.015
			5.775	1.358	1.040
			5.800	1.370	1.023
			5.825	1.380	1.041
			5.850	1.385	1.015
			5.875	1.395	1.007
			5.900	1.397	1.068
			5.925	1.398	0.990
			5.950	1.398	1.049
			5.975	1.398	0.985
			6.000	1.398	1.054
			6.025	1.398	0.989
			6.050	1.398	0.970
			6.075	1.398	0.996
			6.100	1.398	1.034
			6.125	1.398	1.047
			6.150	1.397	1.039
			6.175	1.395	1.023
			6.200	1.397	1.057
			6.225	1.403	1.017
			6.250	1.416	1.040
			6.275	1.435	1.019
			6.300	1.457	1.008
			6.325	1.475	0.991
			6.350	1.496	1.023
			6.375	1.518	1.004
			6.400	1.544	0.997
			6.425	1.569	1.019
			6.450	1.586	1.030
			6.475	1.603	1.065
			6.500	1.628	1.017
			6.525	1.658	1.014
			6.550	1.684	1.036
			6.575	1.705	1.016
			6.600	1.733	1.002
			6.625	1.756	1.001
			6.650	1.775	1.014
			6.675	1.788	0.985
			6.700	1.807	0.948
			6.725	1.823	1.020
			6.750	1.842	1.009
			6.775	1.856	1.000
			6.800	1.879	1.040
			6.825	1.898	1.047
			6.850	1.928	1.017
			6.875	1.957	1.041
			6.900	1.991	1.010
			6.925	2.035	1.030
			6.950	2.082	1.041
			6.975	2.163	1.231
			7.000	2.198	1.472
			7.025	2.270	2.924
			7.050	2.348	8.077
			7.075	2.516	33.771
			7.100	2.627	56.286
			7.125	2.632	57.484
			7.150	2.665	65.617
			7.175	2.780	96.598
			7.200	2.892	127.498
			7.225	2.901	130.088
			7.250	2.907	132.148
			7.275	2.908	132.401
			7.300	2.907	132.258
			7.325	2.912	133.800
			7.350	2.911	133.812
			7.375	2.908	132.846
			7.400	2.905	131.897
			7.425	2.906	132.371
			7.450	2.908	132.990
			7.475	2.906	132.498
			7.500	2.909	133.458
			7.525	2.913	134.533
			7.550	2.912	134.565
			7.575	2.912	134.571
			7.600	2.912	134.632
			7.625	2.912	134.609
			7.650	2.912	134.635
			7.675	2.912	134.635
			7.700	2.912	134.682
			7.725	2.912	134.685
			7.750	2.911	134.664
			7.775	2.911	134.610
			7.800	2.911	134.616
			7.825	2.911	134.558
			7.850	2.910	134.577
			7.875	2.911	134.587
			7.900	2.910	134.578
			7.925	2.910	134.593
			7.950	2.910	134.620
			7.975	2.910	134.626
			8.000	2.910	134.697
			8.025	2.910	134.648
			8.050	2.910	134.661
			8.075	2.910	134.698
			8.100	2.910	134.704
			8.125	2.910	134.673
			8.150	2.910	134.704
			8.175	2.910	134.730
			8.200	2.910	134.722
			8.225	2.909	134.700
			8.250	2.909	134.677
			8.275	2.910	134.710
			8.300	2.909	134.706
			8.325	2.909	134.684
			8.350	2.909	134.676
			8.375	2.909	134.658
			8.400	2.909	134.698
			8.425	2.909	134.601
			8.450	2.908	134.719
			8.475	2.909	134.657
			8.500	2.908	134.650
			8.525	2.908	134.696
			8.550	2.908	134.690
			8.575	2.908	134.705
			8.600	2.908	134.718
			8.625	2.908	134.696
			8.650	2.908	134.722
			8.675	2.908	134.689
			8.700	2.907	134.805
			8.725	2.908	134.644
			8.750	2.907	134.704
			8.775	2.908	134.789
			8.800	2.907	134.748
			8.825	2.908	134.717
			8.850	2.907	134.746
			8.875	2.907	134.715
			8.900	2.907	134.713
			8.925	2.907	134.733
			8.950	2.907	134.698
			8.975	2.907	134.657
			9.000	2.907	134.707
			9.025	2.907	134.743
			9.050	2.904	133.990
			9.075	2.837	113.969
			9.100	2.749	89.031
			9.125	2.663	66.861
			9.150	2.165	16.939
			9.175	0.643	1.031
			9.200	0.025	1.025
			9.225	0.002	1.014
			9.250	0.001	1.006
			9.275	0.001	0.983
			9.300	0.001	1.028
			9.325	0.001	0.995
